otu sim del ins mis len score hit i
denovo886  96.47  6  3  1 283 1291.0 C15a_AY258476;C1233_EU118166;C15_AY239369;C15.4_FJ461511;C15.6_FN563472;C15.22_KC597695 56
denovo887  96.32  7  1  2 272 1237.5 C15_AY239369 56
denovo884  97.89  1  2  3 284 1351.5 C15.23_KC597697 56
denovo883  96.47  4  1  5 283 1307.0 C15a_AY258476;C15.4_FJ461511 56
denovo446  95.96  6  1  4 272 1224.5 C1233_EU118166;C15_AY239369;C15.6_FN563472;C15.22_KC597695;C1087_DQ182655 56
denovo444  96.34  6  1  3 273 1238.5 C15.23_KC597697 56
denovo445  97.14  5  2  1 280 1290.0 C15.23_KC597697 56
denovo442  97.52  1  4  2 282 1308.5 C15.23_KC597697 56
denovo441  97.78  0  1  5 270 1267.5 C1233_EU118166;C15_AY239369;C15.6_FN563472;C15.22_KC597695 56
denovo366  97.17  4  1  3 283 1330.5 C3k_AY589737 56
denovo364  97.79  2  2  2 271 1279.5 D1a_multiple;D120_EU074900 56
denovo289  95.41  6  2  5 283 1276.0 C15_AY239369;C15.22_KC597695 56
denovo361  97.88  0  2  4 283 1342.5 C3k_AY589737 56
denovo360  98.58  1  1  2 282 1360.5 C3b_AF499791 56
denovo284  96.68  6  2  1 271 1113.5 D1_multiple;D1a_multiple;D103_AF174575;D108_AF174567;D1a.1_JF683338;D118_EF656435;D1.12_HE579041;D123_EU074895 56
denovo285  97.18  1  3  4 284 1250.0 C1054_AY186565 56
denovo286  97.88  1  2  3 283 1346.5 C3_multiple 56
denovo281  97.53  1  2  4 283 1294.0 C15.29_KC597690 56
denovo667  96.11  3  3  5 283 1215.0 C3_multiple;C3.7_FJ461502;C1011_DQ480605;C1114_AB207196;C1190_EU099841;C1182_AB294649 56
denovo665  98.52  1  0  3 271 1317.5 D1a_multiple 56
denovo662  98.59  3  1  0 283 1361.0 C15_AY239369;C15.22_KC597695 56
denovo549  97.17  2  4  2 283 1308.5 C3k_AY589737 56
denovo548  94.70  4  2  9 283 1255.5 C3k_AY589737 56
denovo547  96.47  1  5  4 283 1285.5 C3k_AY589737 56
denovo546  98.59  0  2  2 283 1366.0 C15_AY239369;C15.22_KC597695 56
denovo545  97.53  1  2  4 283 1150.5 C3k_AY589737 56
denovo542  99.20  0  1  1 251 1225.0 A3/A6_multiple 56
denovo541  98.19  0  4  1 276 1303.5 C21.12_FJ461514 56
denovo540  97.88  0  2  4 283 1348.0 C3_multiple 56
denovo149  96.31  5  1  4 271 1249.0 D1.11_HE579040 56
denovo142  98.59  0  1  3 283 1367.0 C3k_AY589737 56
denovo141  99.28  0  0  2 276 1362.0 C21.12_FJ461514 56
denovo140  95.80  5  1  0 143  566.5 C3k_AY589737 56
denovo147  98.24  0  4  1 284 1343.5 C15.23_KC597697 56
denovo146  93.73 12  3  2 271 1026.5 D1_multiple;D1a_multiple;D103_AF174575;D108_AF174567;D1a.1_JF683338;D118_EF656435;D1.12_HE579041;D123_EU074895 56
denovo145  96.60  7  0  2 265 1219.5 D1_multiple 56
denovo144  98.52  3  1  0 271  802.0 D1_multiple;D122_EU074905;D114_AF174549;D121_EU074904;D115_AF174562;D107_AF174568;D1.11_HE579040;D105_AF174570;D1.6_HQ630881;D1.3_JF683337 56
denovo893  97.53  0  5  2 283 1308.5 C3k_AY589737 56
denovo719  96.82  2  2  5 283 1279.5 C3_multiple;C3.7_FJ461502;C70_AY589774;C1012_DQ480604 56
denovo712  95.94  8  2  1 271 1101.0 D1.12_HE579041 56
denovo716  96.43  1  1  7 252 1145.5 C3k_AY589737 56
denovo717  98.59  0  1  3 283 1367.0 C3_multiple 56
denovo714  96.65  4  2  3 269 1227.5 C15a_AY258476 56
denovo715  95.76  5  3  4 283 1279.5 C3k_AY589737 56
denovo790  94.70  8  2  5 283 1248.5 C1233_EU118166;C15_AY239369;C15.6_FN563472;C15.22_KC597695 56
denovo92  98.59  1  2  1 283 1363.5 C3_multiple 56
denovo93  95.05  3  4  7 283 1187.0 C3k_AY589737 56
denovo91  95.76  3  2  7 283 1289.5 C3k_AY589737 56
denovo95  99.20  0  2  0 251 1224.0 A3/A6_multiple 56
denovo789  98.94  0  2  1 284 1374.5 C15.23_KC597697 56
denovo98  97.86  2  3  1 281 1312.0 C15.25_KC597685 56
denovo99  99.65  1  0  0 282 1382.0 C15_AY239369 56
denovo432  96.11  0  4  7 283 1163.5 C1233_EU118166;C15_AY239369;C15.1_FJ461508;C1088_DQ182640;C15.6_FN563472;C15.22_KC597695 56
denovo558  96.82  4  4  1 283 1296.5 C3k_AY589737 56
denovo79  96.50  4  2  3 257 1166.5 D1.11_HE579040 56
denovo70  97.25  3  1  3 255 1195.5 A1/A13_multiple;A1.4_HE578977 56
denovo73  97.17  2  3  3 283 1320.5 C3k_AY589737 56
denovo75  98.55  1  2  1 276 1324.0 C21/3d/C3k_AY239372 56
denovo76  98.26  0  2  3 287 1371.5 G3.1_KC597688 56
denovo77  96.44  3  1  5 253 1155.0 A1.3_HE578976 56
denovo880  99.65  0  1  0 283 1399.5 C1d_AY258488 56
denovo559  98.89  0  1  2 271 1321.5 D1a_multiple 56
denovo770  96.82  4  2  3 283 1309.5 C3k_AY589737 56
denovo843  98.23  4  1  0 283 1357.5 C15.4_FJ461511;C15.6_FN563472;C15.22_KC597695 56
denovo840  98.59  0  3  1 283 1227.5 C15.1_FJ461508 56
denovo847  96.17  6  2  3 287 1303.0 C55_AY589759 56
denovo848  98.23  0  4  1 283 1283.5 C1233_EU118166;C15_AY239369;C15.6_FN563472;C15.22_KC597695 56
denovo849  97.54  2  2  3 284 1335.5 C15.23_KC597697 56
denovo322  97.85  1  3  2 279 1296.0 C1233_EU118166;C15_AY239369;C1101_AB253787;C15.6_FN563472;C15.22_KC597695 56
denovo320  98.94  0  2  1 283 1369.5 C40_AY258485 56
denovo327  95.39  3  3  7 282 1263.0 C3.1_JF683321 56
denovo326  95.04  1  8  5 282 1148.0 C3.15_FJ529649 56
denovo240  98.23  0  1  4 283 1363.5 C3k_AY589737 56
denovo241  97.53  4  1  2 283 1339.5 C3k_AY589737 56
denovo328  98.47  1  2  1 261 1249.0 D2_AY686649 56
denovo245  98.94  0  1  2 283 1381.5 C3_multiple 56
denovo246  97.87  2  3  1 282 1333.5 C3.2_FJ461497 56
denovo363  98.23  0  2  3 283 1357.0 C3_multiple;C50_AY589755;C1232_EU118163;C1060_DQ480600;C1085_AY624605;C1002_DQ838544 56
denovo750  96.86  1  2  5 255 1183.0 A1_AF333505 56
denovo610  97.71  2  1  3 262 1221.5 C3k_AY589737 56
denovo187  97.17  0  4  4 283 1311.5 C3k_AY589737 56
denovo186  97.17  7  1  0 283 1309.5 C1d_AY258488 56
denovo185  94.95  7  3  1 218  918.5 C1d_AY258488 56
denovo184  96.86  1  4  4 287 1301.5 I1_FN561559 56
denovo183  97.89  1  4  1 284 1333.0 C1054_AY186565 56
denovo182  97.89  2  2  2 284 1344.5 C15.23_KC597697 56
denovo748  96.44  4  1  3 225 1001.0 C3k_AY589737 56
denovo188  97.89  1  4  1 284 1298.5 C15.23_KC597697 56
denovo436  95.47  3  4  6 287 1276.5 C55_AY589759 56
denovo434  96.80  2  4  3 281 1278.5 C15a_AY258476;C1233_EU118166;C15_AY239369;C15.4_FJ461511;C15.6_FN563472;C15.22_KC597695 56
denovo369  98.58  0  3  1 282 1354.5 C3b_AF499791 56
denovo430  97.53  5  2  0 283 1276.5 C15_AY239369;C15.22_KC597695 56
denovo368  98.23  0  3  2 283 1350.5 C3k_AY589737 56
denovo438  96.54  4  1  4 260 1179.5 C3k_AY589737 56
denovo757  98.82  0  2  1 255 1229.5 A1.4_HE578977 56
denovo754  97.53  4  2  1 283 1256.0 C15.6_FN563472;C15.22_KC597695 56
denovo755  97.17  5  2  1 283 1317.0 C40_AY258485 56
denovo509  96.68  5  1  3 271 1254.5 D1_multiple 56
denovo753  98.19  2  1  2 276 1320.0 C21/3d/C3k_AY239372 56
denovo619  93.64 11  2  5 283 1217.0 C3_multiple;C50_AY589755;C1232_EU118163;C1060_DQ480600;C1085_AY624605;C7_AF499797;C1040_AB190269 56
denovo618  96.68  6  2  1 271 1246.5 D1_multiple 56
denovo617  97.87  0  3  3 282 1331.0 C3b_AF499791 56
denovo615  98.23  0  4  1 283 1338.5 C1p_GU907652;C1207_EU074964;C1.5_EF634157 56
denovo614  95.76  2  4  6 283 1272.5 C3k_AY589737 56
denovo613  94.83 11  2  1 271 1198.5 D1a_multiple;D120_EU074900 56
denovo589  98.01  0  3  2 251 1185.0 A3/A6_multiple 56
denovo85  92.93  3  5 12 283 1191.5 C3k_AY589737 56
denovo660  97.88  5  1  0 283 1347.0 C15_AY239369 56
denovo588  97.21  0  2  5 251 1173.5 A8_AY258468 56
denovo110  97.17  8  0  0 283 1330.5 C1d_AY258488 56
denovo111  96.11  6  1  4 283 1300.5 C3k_AY589737 56
denovo113  96.41  6  2  1 251 1146.5 A3/A6_multiple 56
denovo117  97.61  3  2  1 251 1178.0 A3/A6_multiple 56
denovo118  97.61  2  3  1 251 1173.0 A3/A6_multiple 56
denovo501  97.70  2  1  3 261 1214.5 C3_multiple;C1022_DQ335331;C1045_DQ068036 56
denovo500  98.23  0  3  2 283 1345.0 C15.24_KC597696;C1233_EU118166;C15_AY239369;C15.6_FN563472;C15.22_KC597695 56
denovo507  97.46  5  0  1 236 1085.0 C1d_AY258488 56
denovo506  97.88  0  3  3 283 1330.5 C3k_AY589737 56
denovo505  97.53  1  3  3 283 1193.5 C3_multiple;C1003_DQ480639;C1045_DQ068036 56
denovo838  97.88  0  3  3 283 1336.0 C3k_AY589737 56
denovo794  98.94  1  2  0 283 1373.5 C15_AY239369;C15.22_KC597695 56
denovo795  96.23  9  0  1 265 1206.0 C21/3d/C3k_AY239372 56
denovo34  96.11  5  2  4 283 1290.0 C3k_AY589737 56
denovo35  97.53  2  1  4 283 1336.5 C3.11_FJ461506 56
denovo36  96.54  5  1  3 260 1178.0 C3k_AY589737 56
denovo37  96.82  6  1  2 283 1318.5 C3k_AY589737 56
denovo31  98.52  2  2  0 271 1303.0 D1_multiple 56
denovo32  96.47  6  1  3 283 1309.5 C3k_AY589737 56
denovo33  97.88  0  1  5 283 1349.0 C3k_AY589737 56
denovo39  98.78  1  0  2 245 1165.5 C3k_AY589737 56
denovo650  95.65  7  2  2 253 1126.0 A1.4_HE578977 56
denovo6  99.29  0  2  0 283 1384.0 C1d_AY258488 56
denovo7  91.52  0  4 20 283 1145.5 C15_AY239369 56
denovo655  97.61  0  3  3 251 1176.0 A3/A6_multiple 56
denovo654  98.23  0  1  4 283 1363.5 C3_multiple;C1.7_FJ461494 56
denovo809  97.88  2  2  2 283 1345.0 C15_AY239369;C15.22_KC597695 56
denovo806  99.29  0  2  0 283 1384.0 C15_AY239369;C15.22_KC597695 56
denovo807  97.35  4  2  1 264 1212.5 C15.23_KC597697 56
denovo804  98.23  0  1  4 283 1363.5 C3k_AY589737 56
denovo805  97.16  4  2  2 282 1307.5 C15.23_KC597697 56
denovo802  95.41  7  2  4 283 1263.5 C3k_AY589737 56
denovo803  95.76  6  1  5 283 1286.0 C3k_AY589737 56
denovo800  97.40  1  4  2 269 1226.5 C3k_AY589737 56
denovo204  96.47  3  1  5 255 1176.0 A1.3_HE578976 56
denovo205  96.86  7  1  0 255 1185.0 A1.4_HE578977 56
denovo207  99.64  0  0  1 280 1391.0 C31_AY258496 56
denovo200  96.11  6  2  3 283 1288.0 C1233_EU118166;C15_AY239369;C15.6_FN563472;C15.22_KC597695 56
denovo201  97.53  2  1  4 283 1342.5 C3k_AY589737 56
denovo208  99.63  0  1  0 271 1339.5 D1_multiple 56
denovo508  94.67  3  8  1 225  921.5 C1d_AY258488 56
denovo385  95.76  3  3  6 283 1277.5 C3k_AY589737 56
denovo384  96.75  5  1  3 277 1277.0 C3k_AY589737 56
denovo386  95.70  9  1  2 279 1254.0 C15_AY239369 56
denovo380  98.23  1  1  3 283 1362.0 C3k_AY589737 56
denovo383  95.76  1  3  8 283 1280.5 C3k_AY589737 56
denovo382  98.55  0  3  1 276 1319.0 C21/3d/C3k_AY239372 56
denovo388  98.59  0  0  4 283 1379.0 C93_AJ621536 56
denovo503  95.73  8  0  4 281 1273.5 C1d_AY258488 56
denovo759  99.21  0  1  1 252 1230.0 A5_AF333508 56
denovo502  97.17  0  5  3 283 1013.5 C1045_DQ068036 56
denovo771  95.52  5  5  2 268 1163.5 C3k_AY589737 56
denovo378  96.99  1  4  3 266 1046.5 C15.23_KC597697 56
denovo477  97.14  8  0  0 280 1304.5 C15_AY239369 56
denovo476  97.17  4  2  2 283 1324.0 C3_multiple;C7_AF499797;C1002_DQ838544 56
denovo475  98.23  0  1  4 283 1358.0 C3_multiple 56
denovo474  97.53  1  2  4 283 1304.5 C3_multiple;C3.7_FJ461502;C70_AY589774;C1012_DQ480604 56
denovo370  98.95  0  3  0 287 1377.5 C55_AY589759 56
denovo372  97.46  1  4  2 276 1289.5 C21.12_FJ461514 56
denovo376  96.59  2  5  2 264  585.5 C69a_AY686648 56
denovo270  98.41  0  2  2 251 1200.5 A7_AY239360 56
denovo273  95.76  2  2  8 283 1285.5 C15a_AY258476;C15.4_FJ461511 56
denovo272  97.89  3  2  1 284 1343.0 C15.23_KC597697 56
denovo274  96.68  3  2  4 271 1251.0 D1a_multiple 56
denovo276  97.53  5  1  1 283 1332.5 C15.9_FN563475 56
denovo278  98.24  0  2  3 284 1356.5 C15.23_KC597697 56
denovo499  97.86  1  1  4 281 1326.5 C3_multiple 56
denovo498  96.47  2  3  5 283 1220.0 C3_multiple;C3.7_FJ461502;C1011_DQ480605;C1114_AB207196;C1190_EU099841;C1182_AB294649 56
denovo552  96.97  6  1  1 264 1213.0 C3k_AY589737 56
denovo555  94.48  5  1  2 145  548.5 C3k_AY589737 56
denovo556  96.45  5  3  2 282 1287.5 C3b_AF499791 56
denovo557  96.06  6  2  3 279 1262.0 C1148_EU040178;C1.v1a_FJ919243;C1008_DQ480613;C3f_AY589734 56
denovo491  94.57 11  2  2 276 1196.5 C3k_AY589737 56
denovo490  98.23  2  3  0 283 1347.5 C15a_AY258476;C15_AY239369 56
denovo492  98.55  0  3  1 276 1319.0 C21/3d/C3k_AY239372 56
denovo495  96.07  2  5  4 280 1248.5 C3k_AY589737 56
denovo494  97.23  2  1  4 253 1167.5 C3k_AY589737 56
denovo158  96.82  1  2  6 283 1319.5 C3.11_FJ461506 56
denovo159  98.94  1  2  0 283 1318.5 C15_AY239369;C15.22_KC597695 56
denovo154  98.23  3  2  0 283 1352.5 C15.4_FJ461511;C15.6_FN563472 56
denovo156  98.94  2  1  0 284 1383.5 C15.23_KC597697 56
denovo157  98.59  0  2  2 283 1360.5 C3k_AY589737 56
denovo152  96.69  9  0  0 272 1250.0 C1d_AY258488 56
denovo153  98.59  0  2  2 284 1371.0 C15.23_KC597697 56
denovo729  96.40  5  3  2 278 1260.0 C15_AY239369 56
denovo728  97.54  2  4  1 284 1328.0 C15.23_KC597697 56
denovo727  96.81  0  1  7 251 1171.0 A8_AY258468 56
denovo726  97.86  3  1  2 280 1317.5 C15.22_KC597695 56
denovo725  97.89  0  4  2 284 1340.0 C15.23_KC597697 56
denovo723  96.47  6  2  2 283 1303.0 C15_AY239369 56
denovo722  98.64  1  1  1 220 1019.0 C22_AY239373 56
denovo721  96.31  4  2  4 271 1239.5 D1.11_HE579040 56
denovo129  96.47  2  2  6 283 1303.0 C1233_EU118166;C15_AY239369;C15.6_FN563472;C15.22_KC597695 56
denovo128  96.82  6  1  2 283 1312.5 C1233_EU118166;C15_AY239369;C15.6_FN563472;C15.22_KC597695 56
denovo87  97.82  4  2  0 275 1288.0 C1198_EU099810;C1.v1a_FJ919243;C1008_DQ480613 56
denovo81  97.53  0  2  5 283 1333.5 C3_multiple 56
denovo80  96.47  8  0  2 283 1313.0 C1d_AY258488 56
denovo83  99.29  0  1  1 283 1390.5 C1c/C45_multiple;C3_multiple;C1m_AY765398;C1206_EU074965;C1231_EU074878;C1.7_FJ461494;C1011_DQ480605;C1198_EU099810;C1h_AY258473;C1.6_FJ461493;C1059_DQ480609;C1060_DQ480600;C1148_EU040178;C1p_GU907652;C1f_AY258490;C1j_AY589732;C1207_EU074964;C1a_AF499788;C1g_AY589730;C1006_DQ480629;C1.5_EF634157;C1.v1a_FJ919243;C1005_DQ480633;C94_AJ621539;C1010_DQ480607;C41_AY258486;C1009_DQ480608;C1227_EU074882;C1208_EU074963;C1197_EU099814;C1008_DQ480613;C1052_AY186570;C1228_EU074883;C18_AY258478 56
denovo82  99.22  0  1  1 255 1245.0 A1.4_HE578977 56
denovo121  97.88  0  3  3 283 1336.0 C3k_AY589737 56
denovo120  98.59  0  3  1 283 1354.0 C1233_EU118166;C15_AY239369;C15.6_FN563472;C15.22_KC597695 56
denovo123  98.82  0  2  1 255 1229.5 A1_AF333505 56
denovo122  96.83  3  3  3 284 1309.5 C15.23_KC597697 56
denovo89  98.23  3  2  0 283 1352.5 C1228_EU074883 56
denovo127  95.47  4  4  5 287 1220.0 C55_AY589759 56
denovo69  96.05  3  1  6 253 1146.5 A1.3_HE578976 56
denovo68  96.07  5  2  4 280 1269.0 C3k_AY589737 56
denovo63  98.59  3  1  0 283 1296.5 C3k_AY589737 56
denovo61  93.59  8  4  3 234  961.0 C3k_AY589737 56
denovo67  95.54  3  3  1 157  625.0 C1232_EU118163 56
denovo66  97.62  3  0  0 126  510.0 C1232_EU118163 56
denovo65  96.08  5  1  4 255 1147.0 C3b_AF499791 56
denovo693  99.29  1  1  0 283 1389.0 C3.10_FJ461505 56
denovo895  96.80  6  1  2 281 1292.0 C3k_AY589737 56
denovo894  97.17  5  0  3 283 1335.5 C3k_AY589737 56
denovo877  94.12 13  1  1 255 1108.5 A1_AF333505 56
denovo876  95.29  8  2  2 255 1131.0 A1_AF333505 56
denovo875  98.01  0  2  3 251 1197.0 A3/A6_multiple 56
denovo874  98.55  0  1  3 276 1332.0 C21/3d/C3k_AY239372 56
denovo871  95.98  4  1  5 249 1124.0 A1_AF333505 56
denovo870  98.04  3  1  1 255 1219.0 A1_AF333505 56
denovo590  97.88  0  4  2 283 1274.5 C1233_EU118166;C15_AY239369;C15.6_FN563472;C15.22_KC597695 56
denovo879  96.09  9  1  1 281 1269.5 C15a_AY258476;C1233_EU118166;C15_AY239369;C15.4_FJ461511;C15.6_FN563472;C15.22_KC597695 56
denovo334  95.76  5  2  5 283 1286.5 C3k_AY589737 56
denovo335 100.00  0  0  0 283 1415.0 C15_AY239369 56
denovo330  96.47  4  3  3 283 1294.0 C1233_EU118166;C15_AY239369;C15.6_FN563472;C15.22_KC597695 56
denovo332  97.17  1  4  3 283 1310.0 C40_AY258485 56
denovo235  96.86  5  2  1 255 1177.0 A110_AB190282;A1_AF333505 56
denovo237  98.15  2  2  1 271 1294.0 D1_multiple 56
denovo236  95.02  5  2  7 281 1242.0 C15a_AY258476;C15.4_FJ461511 56
denovo233  98.15  1  3  1 271 1146.0 D1_multiple;D1a_multiple;D103_AF174575;D108_AF174567;D1a.1_JF683338;D118_EF656435;D1.12_HE579041;D123_EU074895 56
denovo232  97.25  4  2  1 255 1187.5 A1_AF333505 56
denovo651  96.11  3  1  7 283 1305.0 C3k_AY589737 56
denovo896  98.52  1  2  1 271 1299.0 D1_multiple 56
denovo907  98.23  0  4  1 283 1344.0 C1d_AY258488 56
denovo747  95.62  7  2  2 251 1106.5 D1_multiple;D1.6_HQ630881 56
denovo599  98.16  1  0  4 272 1293.5 C3k_AY589737 56
denovo198  95.07  8  3  3 284 1257.0 C15.23_KC597697 56
denovo746  96.47  6  2  1 255 1166.5 A1_AF333505 56
denovo193  98.24  1  1  3 284 1361.5 C1054_AY186565 56
denovo428  97.88  2  1  3 283 1351.5 C15_AY239369;C15.22_KC597695 56
denovo429  96.11  4  1  6 283 1298.0 C15a_AY258476;C15.4_FJ461511 56
denovo581  98.23  0  1  4 283 1358.0 C3k_AY589737 56
denovo580  98.59  0  2  2 283 1360.5 C3_multiple 56
denovo585  96.82  2  3  4 283 1306.0 C15.22_KC597695 56
denovo420  96.83  0  4  5 284 1307.5 C15.23_KC597697 56
denovo421  96.11  8  2  1 283 1285.5 C15a_AY258476;C1233_EU118166;C15_AY239369;C15.4_FJ461511;C15.6_FN563472;C15.22_KC597695 56
denovo422  98.59  1  2  1 283 1364.5 C15.6_FN563472;C15.22_KC597695 56
denovo423  96.11  3  5  3 283 1273.5 C1232_EU118163 56
denovo350  96.82  1  3  5 283 1312.0 C3k_AY589737 56
denovo426  97.85  4  2  0 279 1310.0 C15.6_FN563472;C15.22_KC597695 56
denovo427  95.71  9  2  1 280 1248.0 C15.23_KC597697 56
denovo342  96.47  6  1  3 283 1304.0 C15a_AY258476;C15.4_FJ461511 56
denovo345  98.82  0  2  1 255 1229.5 A1.4_HE578977 56
denovo344  98.59  2  2  0 283 1363.0 C15.6_FN563472;C15.22_KC597695 56
denovo347  96.74  4  2  3 276 1206.0 C1233_EU118166;C15_AY239369;C15.6_FN563472;C15.22_KC597695 56
denovo602  98.55  0  0  2 138  590.0 C1181_AB294640 56
denovo604  97.53  1  2  4 283 1332.0 C3k_AY589737 56
denovo605  98.55  1  2  1 276 1324.0 C21/3d/C3k_AY239372 56
denovo561  97.46  5  2  0 276 1283.0 C1198_EU099810;C1.5_EF634157;C1.v1a_FJ919243;C1008_DQ480613 56
denovo560  97.87  4  2  0 282 1337.0 C1b/C1e_AY239363 56
denovo563  94.85  7  4  3 272 1175.5 C1232_EU118163 56
denovo564  96.48  5  3  2 284  593.0 C1103_AF427470;C1104_AF427469 56
denovo567  96.11  9  2  0 283 1289.0 C1d_AY258488 56
denovo566  96.13  4  4  3 284 1283.5 C1054_AY186565 56
denovo460  95.06  9  2  1 243 1050.0 C1094_AJ291514;C15_AY239369 56
denovo359  99.22  1  1  0 255 1249.0 A1_AF333505 56
denovo904  98.08  1  2  2 261 1240.0 D2_AY686649 56
denovo165  97.53  0  2  5 283 1300.5 C3_multiple;C3.7_FJ461502;C70_AY589774;C1012_DQ480604 56
denovo164  95.67  7  3  2 277 1228.5 C3k_AY589737 56
denovo167  98.94  0  2  1 283 1375.0 C3.10_FJ461505 56
denovo166  95.36  3  2  6 237 1035.5 C3k_AY589737 56
denovo161  98.94  0  0  3 282 1383.0 C3b_AF499791 56
denovo160  97.88  1  1  4 283 1353.0 C3k_AY589737 56
denovo163  96.82  5  1  3 283 1319.5 C3k_AY589737 56
denovo162  93.48  3  3  3 138  496.5 C3k_AY589737 56
denovo514  97.17  2  4  2 283 1308.5 C1233_EU118166;C15_AY239369;C15.6_FN563472;C15.22_KC597695 56
denovo517  97.05  3  2  3 271 1265.5 D1a_multiple 56
denovo512  95.76  3  4  5 283 1271.0 C1233_EU118166;C15_AY239369;C15.6_FN563472;C15.22_KC597695 56
denovo513  96.67  5  2  2 270 1237.5 D1a_multiple 56
denovo468  97.73  2  1  3 264 1231.5 C3_multiple;C1045_DQ068036 56
denovo677  96.38  1  3  1 138  534.0 C3k_AY589737 56
denovo469  97.83  0  1  4 230 1062.5 C1169_AB294660 56
denovo27  94.35  1  8  7 283 1195.5 C3k_AY589737 56
denovo26  97.88  1  3  2 283 1334.5 C3k_AY589737 56
denovo25  98.23  0  2  3 283 1280.0 C3_multiple;C3.7_FJ461502;C1011_DQ480605;C1114_AB207196;C1190_EU099841;C1182_AB294649 56
denovo24  95.71  8  1  3 280 1262.0 C3k_AY589737 56
denovo23  95.05  5  4  5 283 1250.0 C3k_AY589737 56
denovo22  96.13  4  2  5 284 1296.5 C15.23_KC597697 56
denovo21  99.29  0  1  1 280 1364.0 C40_AY258485 56
denovo20  98.71  0  1  2 232 1086.0 C3b_AF499791 56
denovo793  96.57  6  0  2 233 1048.5 C3k_AY589737 56
denovo29  98.94  0  1  2 282 1376.5 C3b_AF499791 56
denovo28  97.42  3  1  3 271 1281.0 D1_multiple 56
denovo781  96.83  0  5  4 284 1301.0 C15.23_KC597697 56
denovo780  96.80  6  2  1 281 1285.5 C1233_EU118166;C15_AY239369;C15.6_FN563472;C15.22_KC597695 56
denovo768  96.43  4  3  2 252 1122.5 C3k_AY589737 56
denovo763  93.97  3  5  9 282 1137.5 C3b_AF499791 56
denovo767  96.11  0  5  6 283 1283.5 C3k_AY589737 56
denovo766  97.17  2  3  3 283 1313.5 C3k_AY589737 56
denovo764  98.21  3  1  1 280 1332.0 C15.23_KC597697 56
denovo832  95.76  9  1  2 283 1286.5 C3k_AY589737 56
denovo831  98.23  1  2  2 282 1350.5 C3b_AF499791 56
denovo830  95.05  8  1  5 283 1270.5 C3k_AY589737 56
denovo787  97.89  1  2  3 284 1346.0 C15.23_KC597697 56
denovo835  96.03  5  4  2 277 1233.0 C15.23_KC597697 56
denovo834  98.59  0  3  1 283 1354.0 C15_AY239369;C15.22_KC597695 56
denovo679  97.40  2  0  5 269 1261.5 C3k_AY589737 56
denovo678  98.77  2  0  0 162  718.5 C1232_EU118163 56
denovo656  98.23  0  4  1 283 1283.5 C1233_EU118166;C15_AY239369;C15.6_FN563472;C15.22_KC597695 56
denovo331  96.41  0  2  7 251 1155.5 A8_AY258468 56
denovo668  96.47  4  2  4 283 1306.0 C3k_AY589737 56
denovo397  96.47  6  2  1 255 1172.0 A1/A13_multiple;A1.3_HE578976;A1_AF333505 56
denovo392  99.29  0  1  1 283 1385.0 C1233_EU118166;C15_AY239369;C15.6_FN563472;C15.22_KC597695 56
denovo393  98.23  0  1  4 283 1363.5 C3k_AY589737 56
denovo390  96.69  3  2  4 272 1261.5 D4_DQ865214 56
denovo231  98.41  0  1  3 251 1207.0 A8_AY258468 56
denovo398  97.13  4  1  2 244 1128.5 A1.3_HE578976 56
denovo230  97.17  2  2  4 283 1327.0 C15.6_FN563472;C15.22_KC597695 56
denovo676  94.62  3  1  3 130  490.0 C3.9_FJ461504 56
denovo905  98.59  0  4  0 283 1292.5 C15.22_KC597695 56
denovo526  96.72  4  2  2 244 1094.0 C15a_AY258476;C1233_EU118166;C15_AY239369;C15.4_FJ461511;C15.6_FN563472;C15.22_KC597695 56
denovo903  97.61  1  2  3 251 1181.0 A8_AY258468 56
denovo902  96.82  0  4  5 283 1302.5 C3k_AY589737 56
denovo901  98.23  0  1  4 283 1358.0 C3k_AY589737 56
denovo657  98.94  3  0  0 283 1383.0 C15.22_KC597695 56
denovo908  97.61  1  2  3 251 1186.5 A3/A6_multiple 56
denovo464  97.53  0  3  4 283 1250.0 C3_multiple;C3.7_FJ461502;C1011_DQ480605;C1114_AB207196;C1190_EU099841;C1182_AB294649 56
denovo465  97.88  2  1  3 283 1346.0 C3k_AY589737 56
denovo466  98.55  1  2  1 276 1324.0 C21.12_FJ461514 56
denovo467  99.29  0  1  1 281 1364.0 C1p_GU907652;C1008_DQ480613 56
denovo309  97.17  4  3  1 283 1312.0 C1233_EU118166;C15_AY239369;C15.6_FN563472;C15.22_KC597695 56
denovo308  96.81  7  1  0 251 1154.0 A1.4_HE578977 56
denovo305  99.22  0  2  0 255 1244.0 A1.4_HE578977 56
denovo307  96.86  1  3  4 255 1176.5 A1_AF333505 56
denovo306  96.08  8  1  1 255 1161.0 A1.4_HE578977 56
denovo301  97.65  3  1  2 255 1210.0 A1_AF333505 56
denovo300  96.47  3  2  4 255 1176.5 A109_AB190285;A1_AF333505 56
denovo302  98.04  2  3  0 255 1207.5 A1.4_HE578977 56
denovo263  98.01  0  3  2 251 1185.0 A7_AY239360 56
denovo266  95.79  2  4  2 190  787.0 C3k_AY589737 56
denovo267  96.80  4  2  3 281 1288.0 C1233_EU118166;C15_AY239369;C15.6_FN563472;C15.22_KC597695 56
denovo264  96.82  4  4  1 283 1296.5 C15a_AY258476;C1233_EU118166;C15_AY239369;C15.4_FJ461511;C15.6_FN563472;C15.22_KC597695 56
denovo659  98.92  0  1  2 278 1338.0 C15.23_KC597697 56
denovo269  95.62  1  2  8 251 1136.0 A8_AY258468 56
denovo797  97.79  4  0  2 271 1294.5 D1.11_HE579040 56
denovo488  95.41  3  2  8 283 1275.0 C3k_AY589737 56
denovo521  95.41  5  2  6 283 1271.5 C3k_AY589737 56
denovo520  98.23  0  4  1 283 1338.5 C3_multiple 56
denovo523  97.53  5  2  0 283 1331.5 C15.6_FN563472;C15.22_KC597695 56
denovo522  97.17  2  2  4 283 1321.0 C3_multiple 56
denovo482  98.59  1  2  1 283 1238.0 C15.1_FJ461508 56
denovo483  98.08  1  2  2 261 1245.5 D2_AY686649 56
denovo481  98.59  1  2  1 283 1364.5 C15.6_FN563472;C15.22_KC597695 56
denovo486  99.23  1  1  0 261 1279.0 D2_AY686649 56
denovo487  96.47  6  1  3 283 1309.0 C3k_AY589737 56
denovo484  98.94  2  1  0 283 1378.5 C15.6_FN563472;C15.22_KC597695 56
denovo413  93.99  4  2 11 283 1230.0 C1233_EU118166;C15_AY239369;C15.6_FN563472;C15.22_KC597695 56
denovo415  95.52  3  4  5 268 1178.5 C3k_AY589737 56
denovo414  96.48  6  1  3 284 1314.5 C1103_AF427470;C1054_AY186565 56
denovo416  96.47  5  3  2 283 1297.5 C1d_AY258488 56
denovo419  96.11  4  4  3 283 1278.5 C1233_EU118166;C15_AY239369;C15.6_FN563472;C15.22_KC597695 56
denovo638  96.47  2  2  6 283 1307.5 C3k_AY589737 56
denovo732  99.29  1  0  1 280 1368.5 C15.23_KC597697 56
denovo734  98.23  0  2  3 283 1351.5 C3k_AY589737 56
denovo735  96.09  6  1  4 281 1274.0 C3k_AY589737 56
denovo736  98.04  2  2  1 255 1208.5 A1_AF333505 56
denovo630  96.52  6  2  2 287 1306.5 C55_AY589759 56
denovo635  98.59  1  2  1 283 1364.5 C15.6_FN563472;C15.22_KC597695 56
denovo634  97.88  2  2  2 283 1224.0 C15.1_FJ461508 56
denovo784  96.95  3  3  2 262 1188.0 C40_AY258485 56
denovo798  97.05  5  2  1 271 1257.0 D1a_multiple;D120_EU074900 56
denovo649  98.04  2  2  1 255 1208.5 A1.4_HE578977 56
denovo132  98.80  0  1  2 251 1216.0 A7_AY239360 56
denovo133  98.44  1  1  2 257 1217.0 C15.23_KC597697 56
denovo131  98.89  0  2  1 271 1309.5 D1_multiple 56
denovo136  96.82  1  5  3 283 1293.0 C3k_AY589737 56
denovo137  97.17  3  3  2 283 1313.5 C3k_AY589737 56
denovo134  96.58  6  2  1 263 1198.0 D1a_multiple;D120_EU074900 56
denovo58  97.61  0  3  3 251 1176.0 A7_AY239360 56
denovo59  97.17  1  3  4 283 1316.5 C3k_AY589737 56
denovo56  97.54  3  2  2 284 1334.0 C15.23_KC597697 56
denovo57  96.31  1  2  7 271 1245.0 D1a_multiple 56
denovo55  97.65  3  1  2 255 1204.5 A1_AF333505 56
denovo52  95.82  5  2  4 263 1175.5 D106_AF174559 56
denovo50  97.09  5  2  1 275 1262.5 C15.23_KC597697 56
denovo653  97.70  0  2  4 261 1232.5 D2_AY686649 56
denovo868  97.84  4  0  2 278 1317.5 C15a_AY258476;C15_AY239369 56
denovo869  96.08  6  1  3 255 1164.0 A1_AF333505 56
denovo708  96.82  3  3  3 283 1310.0 C3k_AY589737 56
denovo860  98.22  2  2  0 225 1034.0 C1169_AB294660 56
denovo861  98.94  0  1  2 283 1376.0 C29_AY258494 56
denovo862  96.47  5  1  4 283 1310.5 C3_multiple;C1012_DQ480604;C3f_AY589734 56
denovo652  98.23  0  3  2 283 1345.0 C1233_EU118166;C15_AY239369;C15.6_FN563472;C15.22_KC597695 56
denovo866  98.94  1  2  0 283 1373.5 C1d_AY258488 56
denovo867  97.88  1  2  3 283 1088.0 C15a_AY258476;C1233_EU118166;C15_AY239369;C15.4_FJ461511;C15.6_FN563472;C15.22_KC597695 56
denovo1  95.37  3  2  8 281 1259.5 C15a_AY258476 56
denovo3  97.53  3  1  3 283 1341.0 C15_AY239369 56
denovo4  96.80  8  0  1 281 1301.0 C15_AY239369 56
denovo228  98.61  2  2  0 287 1383.0 G100_AB253788 56
denovo229  96.68  7  1  1 271 1235.0 C15a_AY258476;C1233_EU118166;C15_AY239369;C15.4_FJ461511;C15.6_FN563472;C15.22_KC597695 56
denovo226  96.34  5  3  2 273 1226.5 C15.23_KC597697 56
denovo224  99.64  0  1  0 277 1356.5 C3k_AY589737 56
denovo225  96.11  4  2  5 283 1297.0 C15.4_FJ461511 56
denovo220  97.63  4  2  0 253 1166.5 C15.23_KC597697 56
denovo221  97.69  5  0  1 260 1217.0 C15_AY239369 56
denovo700  98.58  0  1  3 282 1362.0 C3b_AF499791 56
denovo703  96.14  6  1  2 233 1033.5 C3k_AY589737 56
denovo702  97.88  1  1  4 283 1353.0 C3k_AY589737 56
denovo582  98.94  0  3  0 283 1368.5 C15_AY239369 56
denovo705  97.17  1  4  3 283 1315.5 C3k_AY589737 56
denovo890  95.94  7  2  2 271 1225.0 D1_multiple 56
denovo704  97.49  3  1  3 279 1308.5 C3k_AY589737 56
denovo707  96.11  3  5  3 283 1277.0 C3k_AY589737 56
denovo706  97.53  2  3  2 283 1329.5 C3k_AY589737 56
denovo595  98.58  0  2  2 282 1355.5 C3b_AF499791 56
denovo597  98.23  1  1  3 283 1362.0 C3k_AY589737 56
denovo458  95.41  7  2  4 283 1267.5 C1232_EU118163 56
denovo592  98.52  1  2  1 271 1299.0 D1_multiple 56
denovo451  95.76  4  5  3 283 1268.5 C1d_AY258488 56
denovo450  96.25  7  1  2 267 1204.0 C15.23_KC597697 56
denovo353  96.93  0  1  7 261 1226.5 D2_AY686649 56
denovo356  98.59  1  2  1 283 1364.5 C15.6_FN563472;C15.22_KC597695 56
denovo354  98.23  3  1  1 283 1358.5 C15_AY239369;C15.22_KC597695 56
denovo355  98.84  1  1  0 172  769.5 C3.9_FJ461504 56
denovo293  96.82  0  2  7 283 1315.5 C15a_AY258476;C15.4_FJ461511 56
denovo291  97.17  0  3  5 283 1323.5 C15_AY239369;C15.22_KC597695 56
denovo290  97.54  0  3  4 284 1332.0 C15.23_KC597697 56
denovo297  98.23  1  2  2 283 1342.5 C3k_AY589737 56
denovo296  96.82  3  1  5 283 1323.0 C3k_AY589737 56
denovo295  97.32  2  2  3 261 1204.5 C15.23_KC597697 56
denovo294  97.87  2  1  3 282 1336.0 C15_AY239369;C15.22_KC597695 56
denovo578  94.85 10  2  2 272 1189.0 C3k_AY589737 56
denovo579  96.45  7  2  1 282 1296.0 C3b_AF499791 56
denovo671  95.41  8  3  2 283 1265.5 C1d_AY258488 56
denovo673  94.98  8  4  2 279 1219.0 C1d_AY258488 56
denovo672  94.70  9  4  2 283 1240.0 C1d_AY258488 56
denovo571  99.29  0  1  1 280 1370.0 C31_AY258496;C31a_AY589746 56
denovo576  97.70  0  5  8 566 1514.5 C1_multiple 56
denovo577  95.79  8  0  0 190  809.5 C3k_AY589737 56
denovo688  97.67  1  1  2 172  751.5 C3.9_FJ461504 56
denovo689  97.43  2  2  3 272 1257.5 C3k_AY589737 56
denovo680  97.14  1  2  1 140  566.0 C21.12_FJ461514 56
denovo681  94.35  8  3  2 230  959.5 C3k_AY589737 56
denovo682  97.17  6  0  2 283 1334.0 C1232_EU118163 56
denovo684  95.31 11  2  0 277 1225.5 C1d_AY258488 56
denovo686  99.65  0  1  0 284 1404.5 C15.23_KC597697 56
denovo177  97.83  3  1  2 276 1315.0 C21/3d/C3k_AY239372 56
denovo174  98.94  1  2  0 283 1373.5 C15_AY239369;C15.22_KC597695 56
denovo175  95.76  4  4  4 283 1269.5 C3k_AY589737 56
denovo172  94.40 10  3  2 268 1147.5 C3b_AF499791 56
denovo171  99.64  0  1  0 276 1364.5 C21/3d/C3k_AY239372 56
denovo178  97.25  1  4  2 255 1179.0 A1_AF333505 56
denovo179  99.62  0  1  0 261 1289.5 D2_AY686649 56
denovo709  96.47  1  2  7 283 1277.5 C3a_AF499790 56
denovo18  97.17  1  3  4 283 1239.5 C3_multiple;C3.7_FJ461502;C1011_DQ480605;C1114_AB207196;C1190_EU099841;C1182_AB294649 56
denovo19  98.55  2  1  1 276 1329.0 C21.12_FJ461514 56
denovo12  97.17  4  2  2 283 1076.0 C3k_AY589737 56
denovo13  96.44  7  1  2 281 1280.5 C15a_AY258476;C1233_EU118166;C15_AY239369;C15.4_FJ461511;C15.6_FN563472;C15.22_KC597695 56
denovo10  98.94  1  1  1 283 1380.0 C15a_AY258476;C15_AY239369 56
denovo16  96.64  2  2  4 238 1064.0 C3k_AY589737 56
denovo14  96.69  2  3  4 272 1235.0 C1018_DQ335408;C1019_DQ335407 56
denovo15  98.59  0  2  2 284 1371.0 C15.23_KC597697 56
denovo738  96.08  3  2  5 255 1161.0 A1.3_HE578976 56
denovo778  98.23  1  4  0 283 1111.5 C15.6_FN563472 56
denovo779  96.21  5  1  4 264 1191.0 C3k_AY589737 56
denovo774  99.26  0  2  0 271 1186.5 D1_multiple;D1a_multiple;D111_AF174560;D103_AF174575;D108_AF174567;D1a.1_JF683338;D118_EF656435;D1.12_HE579041;D123_EU074895 56
denovo776  96.15  5  1  4 260 1168.5 C3k_AY589737 56
denovo479  93.99  0  4 13 283 1115.0 C15_AY239369;C1101_AB253787;C15.1_FJ461508;C1088_DQ182640;C15.22_KC597695 56
denovo772  96.60  5  2  2 265 1204.5 C15.4_FJ461511 56
denovo773  95.41  3  3  7 283 1274.0 C3k_AY589737 56
denovo824  97.40  4  1  1 231 1056.0 C21.12_FJ461514 56
denovo600  96.06  2  2  1 127  486.0 C3k_AY589737 56
denovo826  99.63  0  1  0 271 1339.5 D1_multiple 56
denovo478  98.59  0  3  1 283 1354.0 C1233_EU118166;C15_AY239369;C15.6_FN563472;C15.22_KC597695 56
denovo820  95.98  7  2  1 249 1112.5 A1_AF333505 56
denovo821  99.60  0  1  0 251 1239.5 A3/A6_multiple 56
denovo822  96.86  2  3  3 255 1174.0 A1_AF333505 56
denovo601  95.81  3  2  4 215  414.0 C1229_EU074888 56
denovo828  95.63  4  3  3 229  992.5 C3k_AY589737 56
denovo829  96.15  5  2  3 260 1167.5 C3k_AY589737 56
denovo899  97.13  3  3  2 279 1281.5 C3k_AY589737 56
denovo818  94.78  9  2  2 249 1082.5 A103_AB207206;A1_AF333505 56
denovo351  95.02  4  4  5 261 1128.5 C3k_AY589737 56
denovo608  96.99  2  1  5 266 1224.5 C3k_AY589737 56
denovo248  96.80  6  1  2 281 1292.0 C1233_EU118166;C15_AY239369;C15.6_FN563472;C15.22_KC597695 56
denovo816  98.04  0  2  3 255 1211.5 A1.4_HE578977 56
denovo782  97.43  5  2  0 272 1261.0 C15.22_KC597695 56
denovo249  97.88  1  1  4 283 1353.0 C3_multiple 56
denovo910  98.59  0  1  3 283 1372.5 C3k_AY589737 56
denovo911  95.94  8  2  1 271 1214.5 C3k_AY589737 56
denovo913  96.90  6  1  0 226 1027.0 A1_AF333505 56
denovo916  96.83  6  0  2 252 1153.0 C3k_AY589737 56
denovo917  97.59  1  1  2 166  668.0 C3k_AY589737 56
denovo851  95.76  3  0  9 283 1297.0 C1232_EU118163 56
denovo852  97.99  3  0  0 149  636.0 C1d_AY258488;C42_AY765402 56
denovo529  96.71  5  1  2 243 1093.5 C15a_AY258476;C1233_EU118166;C15_AY239369;C15.4_FJ461511;C15.6_FN563472;C15.22_KC597695 56
denovo854  97.18  4  2  2 284 1323.5 C15.23_KC597697 56
denovo856  95.67  7  1  4 277 1247.0 C3k_AY589737 56
denovo318  96.47  2  5  2 255 1158.5 A1.4_HE578977 56
denovo319  96.09  3  3  1 179  746.0 C1d_AY258488;C42_AY765402 56
denovo316  97.61  0  2  4 251 1188.0 A16_EU792888;A7_AY239360 56
denovo314  97.91  4  1  1 287 1357.5 C55_AY589759 56
denovo315  97.88  1  5  0 283 1101.5 C15.6_FN563472 56
denovo313  99.28  0  1  1 276 1355.5 C21/3d/C3k_AY239372 56
denovo310  94.65 11  1  1 243 1058.0 A1.4_HE578977 56
denovo311  98.03  4  1  0 254 1202.0 A1.4_HE578977 56
denovo256  98.23  1  1  3 283 1362.0 C3k_AY589737 56
denovo255  96.96  6  1  0 230 1049.0 A1_AF333505 56
denovo254  96.40  4  2  3 250 1122.5 C1201_EU099793 56
denovo253  97.65  3  1  2 255 1210.0 A1_AF333505 56
denovo252  99.61  1  0  0 255 1264.5 A1_AF333505 56
denovo251  98.01  1  2  2 251 1195.5 A3/A6_multiple 56
denovo250  98.43  2  2  0 255 1223.0 A1_AF333505 56
denovo242  98.55  2  2  0 276 1328.0 C21.12_FJ461514 56
denovo532  97.88  0  1  5 283 1349.0 C3k_AY589737 56
denovo533  96.50  6  0  3 257 1172.0 C3k_AY589737 56
denovo530  96.82  3  3  3 283 1304.0 C15.9_FN563475 56
denovo531  95.69  1  3  7 255 1149.5 A1_AF333505 56
denovo827  98.94  0  2  1 284 1380.0 C15.23_KC597697 56
denovo878  96.73  7  1  1 275 1257.5 C1233_EU118166;C15_AY239369;C15.6_FN563472;C15.22_KC597695 56
denovo823  99.29  1  0  1 283 1395.5 C3_multiple;C3e_AF499793 56
denovo692  98.18  0  1  4 274 1304.0 C3k_AY589737 56
denovo402  98.01  1  2  2 251 1195.5 A7_AY239360 56
denovo403  98.82  1  1  1 255 1240.0 A1_AF333505 56
denovo400  95.62  2  3  6 251 1133.0 A8_AY258468 56
denovo406  98.15  1  3  2 324 1385.5 C49_AY589754 56
denovo404  99.64  0  1  0 280 1384.5 C31.2_JF683332 56
denovo405  97.61  0  1  5 251 1189.0 A8_AY258468 56
denovo745  98.09  3  0  2 262 1246.0 D106_AF174559 56
denovo744  97.67  2  3  1 257 1185.5 C15.9_FN563475 56
denovo628  97.42  4  2  1 271 1272.5 D106_AF174559 56
denovo740  95.41  3  3  7 283 1263.0 C3k_AY589737 56
denovo743  98.59  0  2  2 283 1311.0 C15_AY239369;C15.22_KC597695 56
denovo742  97.53  1  2  4 283 1337.5 C3k_AY589737 56
denovo622  95.41  2  5  6 283 1257.0 C3k_AY589737 56
denovo623  96.47  1  4  5 283 1215.0 C3_multiple;C3.7_FJ461502;C1011_DQ480605;C1114_AB207196;C1190_EU099841;C1182_AB294649 56
denovo621  97.79  2  2  2 271 1279.5 D106_AF174559 56
denovo627  97.17  2  4  2 283 1318.0 C1d_AY258488 56
denovo624  98.83  2  1  0 257 1225.0 C15.23_KC597697 56
denovo625  96.48  4  4  2 284 1297.5 C15.23_KC597697 56
denovo644  96.62  1  2  5 237 1060.5 C3b_AF499791 56
denovo645  95.94  1  1  9 271 1242.5 D1_multiple 56
denovo646  97.54  2  2  3 284 1341.0 C15.23_KC597697 56
denovo647  97.25  3  2  2 255 1189.0 A127_EF656429;A1.4_HE578977 56
denovo641  98.13  3  1  1 268 1266.0 C15_AY239369;C15.22_KC597695 56
denovo642  97.37  4  1  1 228 1030.5 C3.11_FJ461506 56
denovo109  96.13  3  5  3 284 1278.0 C2_AF333518 56
denovo108  96.13  5  4  2 284 1281.5 C15.23_KC597697 56
denovo106  98.41  1  2  2 314 1330.5 C49_AY589754 56
denovo104  97.53  2  2  3 283 1281.0 C3k_AY589737 56
denovo103  96.47  1  3  6 283 1265.5 C3_multiple;C3.7_FJ461502;C1026_DQ335366;C70_AY589774;C1012_DQ480604;C1031_DQ335352;C3j_AY239366 56
denovo102  96.47  4  1  5 283 1305.5 C3k_AY589737 56
denovo100  99.29  0  1  1 283 1269.5 C15_AY239369 56
denovo40  98.21  0  1  4 280 1343.0 C31_AY258496;C31a_AY589746 56
denovo43  95.94  6  2  3 271 1228.0 D1_multiple 56
denovo45  97.79  2  2  2 271 1276.5 D106_AF174559 56
denovo44  96.31  6  2  2 271 1242.5 D1_multiple 56
denovo46  98.59  1  2  1 283 1359.0 C3_multiple 56
denovo49  96.47  7  0  3 283 1314.5 C3k_AY589737 56
denovo697  97.88  2  2  2 283 1345.0 C3k_AY589737 56
denovo696  96.82  0  6  3 283 1289.5 C3k_AY589737 56
denovo695  99.29  0  2  0 283 1384.0 C3_multiple 56
denovo694  97.17  1  2  5 283 1328.5 C3k_AY589737 56
denovo518  96.83  0  3  6 284 1237.0 C1054_AY186565 56
denovo519  97.17  2  3  3 283 1313.5 C3k_AY589737 56
denovo819  95.29  5  5  2 255 1121.5 A1_AF333505 56
denovo815  96.47  5  1  3 255 1174.0 A1_AF333505 56
denovo814  98.94  0  1  2 283 1381.5 C3k_AY589737 56
denovo817  97.25  2  3  2 255 1167.5 A127_EF656429;A1_AF333505 56
denovo811  98.94  0  2  1 283 1375.0 C15.6_FN563472;C15.22_KC597695 56
denovo810  98.59  0  1  3 283 1372.5 C3k_AY589737 56
denovo813  97.17  4  2  2 283 1324.0 C15a_AY258476 56
denovo812  98.46  1  2  1 260 1222.0 C15.23_KC597697 56
denovo550  98.58  1  1  2 281 1363.0 C3.9_FJ461504 56
denovo217  94.40 11  2  2 268 1137.5 C55_AY589759 56
denovo216  98.59  1  2  1 284 1364.0 C15.23_KC597697 56
denovo215  96.57  6  0  2 233 1049.0 C3k_AY589737 56
denovo219  97.42  0  1  6 271 1280.0 D1a_multiple 56
denovo699  95.36  6  2  5 280 1244.0 C3b_AF499791 56
denovo859  96.44  9  1  0 281 1284.0 C3k_AY589737 56
denovo551  96.47  1  3  6 283 1084.0 C3k_AY589737 56
